   1296255 5828 4.490 4.721
   1570349 5639 4.640 0.585
   1570466 5715 4.300 8.637
   1718985 5640 4.330 13.941
   1721879 5788 4.440 14.436
   1722735 5713 4.650 1.993
   1723908 5764 4.260 19.416
   1723978 5653 4.500 8.703
   1725133 5768 4.490 1.790
   1725997 5671 4.640 13.065
   1849785 5735 4.490 12.454
   1870957 5765 4.330 6.608
   1872974 5716 4.420 8.953
   1873925 5826 4.680 12.001
   1873987 5731 4.340 14.456
   1995340 5815 4.550 10.101
   1995443 5887 4.380 16.111
   1995845 5637 4.530 17.910
   1996492 5760 4.390 19.518
   1996760 5788 4.660 13.121
   2010374 5863 4.610 15.175
   2013503 5763 4.210 19.065
   2021099 5794 4.220 0.518
   2141852 5657 4.470 16.075
   2156537 5925 4.460 22.558
   2156933 5880 4.930 10.707
   2157495 5651 4.690 21.519
   2158548 5755 4.310 2.942
   2163644 5745 4.400 10.472
   2165356 5636 4.370 9.883
   2166322 5674 4.620 1.500
   2166371 5681 4.570 7.842
   2166932 5761 4.430 11.053
   2167151 5780 4.490 16.748
   2300835 5663 4.820 9.001
   2301143 5630 4.580 22.300
   2301512 5671 4.590 3.099
   2302665 5693 4.740 7.519
   2302942 5830 4.440 13.878
   2303279 5727 4.840 13.121
   2303459 5683 4.680 15.652
   2306621 5651 4.470 9.917
   2310013 5802 4.480 1.742
   2423885 5707 4.840 11.570
   2425196 5677 4.490 19.778
   2442551 5634 4.520 3.296
   2444428 5892 4.620 13.638
   2445647 5733 4.630 12.977
   2446436 5801 4.230 0.803
   2446970 5810 4.460 8.909
   2447723 5688 4.900 23.023
   2448052 5661 4.530 15.816
   2449047 5799 4.520 12.161
   2450530 5816 4.530 15.422
   2452034 5805 4.530 7.540
   2452118 5847 4.460 13.137
   2452920 5805 4.500 6.132
   2555004 5781 4.290 17.081
   2572318 5837 4.250 11.948
   2579453 5654 4.360 10.995
   2581014 5628 4.440 16.418
   2581037 5833 4.370 15.904
   2581883 5753 4.430 15.085
   2582166 5819 4.380 20.659
   2582995 5789 4.350 16.970
   2694114 5674 4.370 11.976
   2694536 5687 4.600 23.080
   2694675 5784 4.500 12.650
   2694810 5875 4.540 0.478
   2696719 5670 4.530 9.001
   2712178 5827 4.500 17.496
   2712799 5685 4.810 8.567
   2714022 5825 4.470 18.818
   2714367 5890 4.510 7.264
   2714932 5803 4.440 13.611
   2716979 5825 4.290 17.195
   2717094 5731 4.840 1.280
   2717448 5909 4.450 17.501
   2717854 5869 4.510 3.763
   2718392 5687 4.690 17.709
   2719461 5649 4.860 14.058
   2719811 5720 4.320 14.032
   2720200 5655 4.490 10.846
   2721454 5859 4.590 5.973
   2721668 5746 4.710 14.575
   2721978 5880 4.500 3.651
   2722098 5673 4.590 2.989
   2831370 5645 4.970 19.630
   2834805 5871 4.320 11.909
   2835177 5679 4.600 5.280
   2846319 5666 4.620 19.750
   2848223 5878 4.560 4.751
   2856209 5794 4.450 7.339
   2857612 5771 4.540 15.756
   2858134 5927 4.250 4.143
   2860384 5852 4.570 3.551
   2860485 5693 4.970 4.693
   2860660 5819 4.500 6.347
   2972773 5740 4.230 13.561
   2974459 5687 4.430 48.867
   2983000 5865 4.450 1.099
   2985935 5650 4.560 19.090
   2987856 5830 4.850 12.483
   2988326 5817 4.570 19.725
   2988826 5794 4.360 18.339
   2990810 5759 4.500 25.205
   2992222 5832 4.660 17.644
   2993986 5807 4.470 10.834
   2994391 5752 4.650 17.713
   2994666 5824 4.550 2.584
   2995964 5746 4.890 9.040
   2996104 5855 4.700 7.819
   2996210 5825 4.720 6.210
   2996288 5881 4.560 3.735
   2996580 5736 4.560 12.812
   2998285 5761 4.550 12.915
   3001977 5678 4.690 5.472
   3002516 5732 4.600 11.788
   3003043 5788 4.570 11.989
   3097214 5779 4.370 19.142
   3098004 5863 4.550 13.276
   3100608 5693 4.890 12.695
   3101646 5797 4.410 17.428
   3103228 5874 4.430 11.954
   3112131 5881 4.500 9.655
   3112256 5825 4.540 16.163
   3114894 5757 4.590 9.809
   3116135 5646 4.540 8.661
   3117139 5832 4.770 2.722
   3118532 5792 4.360 11.002
   3119308 5862 4.620 10.101
   3119838 5762 4.580 6.251
   3120177 5818 4.380 13.332
   3120356 5785 4.410 9.732
   3120402 5754 4.610 18.666
   3120608 5731 4.710 10.310
   3120893 5828 4.730 12.254
   3121430 5668 4.920 7.018
   3121813 5851 4.720 9.881
   3121861 5752 4.340 2.244
   3122575 5878 4.360 17.728
   3122611 5650 4.460 20.321
   3123675 5704 4.620 18.094
   3128547 5745 4.430 59.053
   3131124 5829 4.680 8.932
   3216960 5643 4.510 16.081
   3217593 5883 4.540 6.890
   3219619 5696 4.570 16.051
   3221538 5788 4.720 11.160
   3228585 5908 4.540 19.227
   3228752 5730 4.540 11.454
   3228918 5630 4.660 0.297
   3230069 5792 4.590 26.147
   3232364 5647 5.010 6.979
   3232491 5729 4.720 19.402
   3233400 5816 4.670 10.570
   3236302 5651 4.270 8.010
   3236788 5674 4.580 5.429
   3237465 5683 4.490 11.399
   3237523 5818 4.520 10.415
   3237993 5682 4.570 5.142
   3238690 5654 4.610 11.436
   3238975 5795 4.430 16.600
   3239219 5765 4.620 1.789
   3239557 5808 4.550 12.832
   3240468 5894 4.590 7.938
   3241761 5839 4.450 11.211
   3241774 5776 4.430 13.957
   3245458 5774 4.410 42.923
   3245638 5883 4.510 0.709
   3247263 5675 4.470 55.886
   3247752 5874 4.640 10.258
   3247798 5903 4.680 10.424
   3248225 5683 4.530 12.750
   3249044 5691 4.670 11.097
   3323108 5691 4.560 16.162
   3325851 5915 4.200 15.515
   3326975 5831 4.410 11.155
   3327742 5813 4.440 2.456
   3329643 5637 4.320 23.269
   3330414 5847 4.430 4.188
   3335426 5741 4.480 17.468
   3336441 5653 4.800 18.449
   3336849 5691 4.330 10.078
   3336937 5802 4.380 11.053
   3337487 5736 4.570 1.032
   3337749 5910 4.620 17.450
   3337855 5787 4.510 5.708
   3339737 5692 4.580 17.303
   3341249 5857 4.360 60.146
   3341455 5690 4.430 3.488
   3342211 5725 4.530 15.686
   3343620 5827 4.220 18.524
   3343950 5900 4.820 14.935
   3344245 5788 4.580 10.477
   3347804 5689 4.470 13.857
   3348273 5882 4.620 4.281
   3348478 5666 4.620 17.433
   3348533 5633 4.530 9.817
   3353584 5764 4.600 21.175
   3354358 5837 4.690 43.912
   3355507 5840 4.410 21.746
   3355796 5803 4.500 18.819
   3355907 5752 4.240 18.346
   3356518 5636 4.980 9.808
   3357062 5710 4.670 20.859
   3427654 5723 4.470 14.731
   3427759 5925 4.290 7.146
   3429856 5746 4.560 14.470
   3430730 5697 4.420 16.899
   3432697 5654 4.360 18.794
   3441340 5873 4.520 7.229
   3441350 5887 4.720 13.262
   3442151 5692 4.830 15.570
   3443439 5685 5.010 20.251
   3445089 5821 4.410 8.956
   3445443 5670 4.300 9.266
   3447283 5892 4.480 6.543
   3448404 5914 4.510 4.990
   3448722 5654 4.420 0.413
   3449076 5926 4.380 7.959
   3455199 5809 4.550 4.027
   3456628 5694 4.790 11.541
   3457493 5761 4.700 5.739
   3457693 5701 4.650 6.549
   3457752 5672 4.880 2.562
   3459068 5676 4.490 6.092
   3459113 5864 4.320 40.643
   3459143 5917 4.540 9.535
   3459504 5768 4.490 22.795
   3459831 5736 4.440 0.397
   3526570 5727 4.600 10.316
   3527577 5732 4.570 14.987
   3527993 5892 4.510 7.538
   3529147 5672 4.360 14.214
   3531315 5634 4.520 21.199
   3533498 5826 4.680 2.989
   3533948 5707 4.720 19.871
   3539172 5673 4.240 17.910
   3542700 5844 4.690 8.616
   3542788 5869 4.440 4.481
   3543198 5731 4.850 9.221
   3543989 5904 4.610 6.816
   3544323 5759 4.650 14.915
   3544785 5680 4.900 13.104
   3545519 5686 4.760 20.928
   3545682 5693 4.470 15.397
   3546722 5784 4.720 14.042
   3546821 5756 4.270 6.923
   3550155 5666 4.800 19.483
   3550386 5751 4.590 0.319
   3550478 5698 4.710 11.359
   3550782 5841 4.630 1.365
   3554660 5798 4.490 1.536
   3554828 5829 4.650 14.018
   3555517 5688 4.690 8.188
   3557305 5848 4.800 9.155
   3557836 5742 4.570 3.842
   3558383 5672 4.800 19.135
   3558452 5698 4.600 4.878
   3558958 5683 4.570 13.408
   3559301 5694 4.730 17.807
   3559482 5706 4.480 26.626
   3560620 5911 4.900 8.349
   3560763 5730 4.830 9.564
   3626871 5654 4.440 16.744
   3627035 5772 4.350 12.985
   3628110 5797 4.240 8.884
   3628756 5759 4.480 19.069
   3630375 5862 4.580 12.948
   3634449 5709 4.580 23.161
   3641346 5861 4.710 14.722
   3642808 5825 4.490 4.859
   3643810 5801 4.520 13.415
   3643982 5640 4.520 1.849
   3645684 5855 4.760 13.100
   3645778 5769 4.570 10.160
   3646785 5760 4.560 5.742
   3648125 5841 4.360 14.438
   3648748 5828 4.500 5.932
   3648810 5641 4.360 15.211
   3649453 5880 4.700 13.864
   3649886 5761 4.560 21.139
   3654034 5834 4.690 15.760
   3658447 5844 4.450 16.694
   3659210 5633 4.930 15.686
   3659298 5688 4.500 9.714
   3659543 5928 4.540 5.766
   3660320 5816 4.210 7.528
   3661158 5817 5.050 6.722
   3661790 5803 4.550 7.808
   3661936 5791 4.330 10.237
   3661945 5876 4.300 5.955
   3662035 5701 4.450 11.109
   3662726 5850 4.720 12.346
   3663123 5738 4.340 16.186
   3663270 5817 4.600 6.833
   3729156 5897 4.210 20.547
   3743513 5924 4.510 11.587
   3743828 5672 4.560 3.479
   3743840 5849 4.550 13.477
   3746345 5794 4.350 11.476
   3746445 5658 4.530 22.002
   3747118 5810 4.220 8.745
   3747337 5925 4.380 14.677
   3747474 5762 4.520 15.826
   3747974 5857 4.350 13.532
   3748982 5646 4.460 17.951
   3750792 5701 4.630 6.816
   3751151 5823 4.470 3.176
   3751192 5693 4.450 6.723
   3751292 5818 4.650 3.615
   3751682 5811 4.710 2.912
   3756040 5825 4.880 17.287
   3757256 5844 4.500 17.736
   3760794 5910 4.490 5.584
   3760829 5744 4.400 37.538
   3761893 5911 4.530 4.206
   3762095 5703 4.580 10.619
   3762575 5691 4.550 11.640
   3764025 5763 4.390 22.534
   3764501 5752 4.330 13.951
   3830783 5850 4.710 8.978
   3836727 5690 4.590 8.735
   3837134 5636 4.500 15.679
   3838965 5701 4.490 11.798
   3839042 5776 4.340 16.088
   3847678 5829 4.360 3.528
   3847994 5784 4.410 2.448
   3848202 5765 4.260 6.150
   3848294 5658 4.670 17.397
   3849795 5880 4.400 6.745
   3850853 5747 4.370 16.009
   3850974 5789 4.340 8.554
   3853405 5843 4.430 0.352
   3853682 5632 4.930 4.482
   3853740 5866 4.620 3.831
   3853938 5669 4.460 2.223
   3854646 5699 4.920 5.918
   3858601 5807 4.830 16.490
   3859043 5796 4.490 19.314
   3860601 5641 4.660 14.208
   3861163 5678 4.460 20.428
   3861397 5776 4.610 15.311
   3863082 5920 4.500 14.199
   3865878 5911 4.810 9.464
   3866601 5890 4.370 1.211
   3867031 5870 4.710 7.867
   3869030 5754 4.700 17.828
   3869044 5777 4.700 18.912
   3869684 5746 4.630 14.944
   3869847 5741 4.490 16.000
   3870338 5772 4.800 17.040
   3936610 5665 4.480 19.855
   3938161 5916 4.420 9.337
   3942959 5710 4.460 10.656
   3946030 5891 4.560 12.448
   3946621 5680 4.800 2.640
   3951905 5695 4.400 13.081
   3952334 5720 4.490 15.744
   3952614 5881 4.820 11.359
   3954954 5689 4.480 15.451
   3957108 5680 4.510 16.957
   3958406 5727 4.870 16.024
   3958507 5827 4.220 11.939
   3958523 5740 4.320 9.952
   3963303 5638 4.610 20.431
   3963387 5642 4.530 16.398
   3963398 5850 4.390 2.313
   3963996 5636 4.790 5.906
   3965197 5637 4.470 17.326
   3965200 5788 4.410 16.478
   3965916 5767 4.550 23.713
   3965971 5867 4.540 7.488
   3967018 5754 4.320 9.680
   3968283 5832 4.890 5.802
   3968730 5697 4.570 19.607
   3968731 5640 4.400 15.837
   3969150 5731 4.400 3.760
   3970397 5675 4.540 15.303
   3970424 5782 4.610 24.013
   3970457 5763 4.490 4.976
   3971153 5665 4.560 20.066
   3972432 5656 4.550 10.711
   3974758 5688 4.640 11.829
   4037745 5782 4.280 11.542
   4039461 5652 4.330 12.441
   4039593 5685 4.420 14.003
   4039677 5793 4.370 13.756
   4042610 5631 4.490 19.441
   4049087 5764 4.540 6.892
   4056151 5788 4.360 16.827
   4060241 5888 4.750 18.921
   4064422 5693 4.570 15.789
   4064861 5803 4.530 6.281
   4066261 5876 4.290 16.674
   4066922 5799 4.680 6.437
   4067808 5843 4.580 12.241
   4067878 5881 4.470 6.968
   4068354 5660 4.420 20.649
   4068391 5713 4.410 11.928
   4068696 5672 4.950 11.777
   4069078 5800 4.430 8.150
   4069688 5749 4.390 4.370
   4070250 5820 4.290 19.773
   4073332 5840 4.510 17.413
   4073812 5728 4.620 20.513
   4074400 5732 4.980 9.110
   4078034 5856 4.470 16.483
   4136659 5661 4.400 11.824
   4139375 5856 4.560 4.130
   4139690 5713 4.520 13.813
   4147277 5793 4.400 53.116
   4157739 5729 4.330 13.742
   4158803 5695 4.530 14.132
   4160866 5705 4.620 7.078
   4164369 5858 4.460 0.720
   4164762 5680 4.790 5.228
   4166598 5837 4.550 17.681
   4166719 5773 4.470 21.721
   4167954 5879 4.490 15.330
   4168690 5634 4.540 18.756
   4168890 5679 4.500 25.166
   4169115 5876 4.440 14.077
   4169171 5871 4.570 13.187
   4169440 5817 4.400 5.720
   4169964 5722 4.440 17.954
   4171170 5828 4.580 12.002
   4173344 5827 4.640 12.111
   4174467 5725 4.790 9.692
   4174582 5917 4.600 6.706
   4174751 5642 4.620 21.307
   4175803 5804 4.290 4.828
   4176093 5881 4.410 14.188
   4176145 5685 4.620 2.191
   4176646 5737 4.340 11.990
   4176978 5675 4.810 0.362
   4180718 5767 4.710 9.318
   4180978 5820 4.530 5.068
   4181085 5812 4.590 23.108
   4242173 5686 4.470 14.127
   4242491 5805 4.540 16.051
   4248871 5664 4.310 10.544
   4252390 5691 4.380 19.489
   4253160 5717 4.320 18.444
   4253515 5721 4.430 17.685
   4253694 5841 4.500 12.867
   4260947 5762 4.450 9.111
   4261467 5646 4.380 3.247
   4262484 5771 4.360 6.613
   4263103 5684 4.550 8.218
   4265771 5859 4.390 12.498
   4270851 5716 4.570 19.151
   4271133 5900 4.690 15.395
   4271550 5703 4.540 22.720
   4271582 5654 4.560 16.551
   4271667 5770 4.780 4.037
   4274394 5726 4.760 11.144
   4274884 5781 4.430 14.447
   4275823 5901 4.510 14.099
   4277932 5876 4.400 2.753
   4281518 5870 4.490 10.862
   4281593 5747 4.540 4.712
   4281634 5687 4.520 7.557
   4281783 5644 4.450 17.474
   4282145 5696 4.580 9.342
   4283025 5688 4.460 15.964
   4285178 5634 4.820 8.992
   4345411 5715 4.310 14.804
   4345483 5787 4.230 15.843
   4348974 5660 4.240 2.472
   4355362 5679 4.510 20.015
   4356109 5876 4.450 18.548
   4358823 5653 4.430 11.308
   4358965 5877 4.470 18.254
   4359719 5853 4.540 17.902
   4359846 5819 4.320 14.915
   4366698 5794 4.400 17.195
   4367157 5680 4.340 20.180
   4370861 5683 4.620 6.745
   4371005 5810 4.530 11.992
   4371528 5735 4.560 12.736
   4371622 5825 4.290 10.006
   4372257 5823 4.550 11.201
   4372606 5817 4.460 7.613
   4372876 5821 4.460 13.982
   4373508 5682 4.450 20.540
   4374168 5763 4.480 20.842
   4374634 5783 4.400 8.963
   4378237 5785 4.520 7.945
   4379451 5805 4.310 36.597
   4379480 5751 4.480 15.741
   4379526 5733 4.530 7.038
   4379575 5723 4.550 11.988
   4380053 5765 4.760 13.745
   4380069 5712 4.490 9.502
   4380214 5659 5.060 6.226
   4381686 5841 4.550 0.280
   4382351 5901 4.620 4.399
   4382416 5775 4.430 11.849
   4382617 5752 4.690 0.309
   4383012 5735 4.660 13.686
   4384168 5887 4.470 8.048
   4384398 5843 4.310 2.347
   4384825 5895 4.330 2.276
   4385250 5653 4.530 19.197
   4443393 5734 4.330 13.594
   4446295 5750 4.360 20.669
   4447139 5813 4.220 5.279
   4448283 5630 4.700 15.782
   4449778 5652 4.240 14.087
   4450034 5838 4.580 1.829
   4450625 5838 4.290 19.116
   4456427 5665 4.410 17.805
   4469337 5733 4.350 13.781
   4470832 5726 4.730 9.168
   4472371 5926 4.470 15.774
   4473359 5927 4.440 17.961
   4473631 5687 4.580 12.648
   4475573 5795 4.520 12.466
   4476193 5853 4.330 13.118
   4477083 5761 4.280 13.563
   4477339 5690 4.370 17.723
   4478229 5652 4.450 3.688
   4478464 5806 4.370 6.825
   4478661 5705 4.550 0.270
   4479046 5734 4.550 6.453
   4479178 5691 4.530 18.531
   4480706 5820 4.470 10.606
   4540355 5671 4.460 14.804
   4543599 5680 4.710 11.904
   4545649 5787 4.400 7.552
   4546129 5630 4.320 3.284
   4546432 5681 4.340 11.410
   4547219 5789 4.430 8.100
   4547322 5633 4.450 20.158
   4547660 5641 4.570 15.171
   4551723 5786 4.450 19.948
   4552267 5841 4.390 15.753
   4552395 5803 4.400 8.867
   4552970 5802 4.530 15.207
   4553377 5689 4.810 13.988
   4555566 5658 4.550 7.362
   4555662 5921 4.290 2.520
   4555711 5732 4.330 17.031
   4565726 5751 4.670 18.465
   4566436 5758 4.700 15.686
   4566691 5727 4.710 16.012
   4566756 5836 4.730 14.918
   4566878 5916 4.370 4.398
   4567165 5670 4.390 10.070
   4567703 5644 4.540 10.843
   4567714 5797 4.580 8.401
   4567772 5659 4.470 17.422
   4567796 5793 4.440 17.802
   4569477 5881 4.290 10.696
   4569579 5789 4.590 3.227
   4569759 5799 4.210 12.091
   4571573 5685 4.320 16.672
   4571655 5801 4.610 4.406
   4572074 5836 4.650 7.560
   4573501 5734 4.640 12.284
   4574486 5846 4.340 20.584
   4575197 5855 4.380 17.250
   4576331 5664 4.430 16.263
   4580911 5786 4.630 13.971
   4581122 5682 4.450 14.280
   4584955 5909 4.370 16.082
   4585631 5795 4.450 6.000
   4585905 5726 4.370 2.036
   4588047 5889 4.520 8.924
   4588387 5830 4.600 10.851
   4639022 5628 4.550 10.320
   4639283 5662 4.360 17.910
   4640044 5709 4.580 2.967
   4640082 5679 4.260 11.626
   4640983 5830 4.600 8.573
   4641098 5886 4.580 16.757
   4643916 5794 4.340 11.952
   4648663 5769 4.350 3.351
   4648919 5693 4.530 0.627
   4649071 5827 4.400 14.956
   4649171 5630 4.810 9.886
   4649279 5633 4.720 16.150
   4649302 5828 4.620 15.788
   4649749 5670 4.470 5.816
   4650679 5818 4.440 16.673
   4659416 5813 4.330 3.096
   4659697 5729 4.480 12.505
   4659705 5791 4.530 16.927
   4659838 5638 5.010 19.740
   4660071 5660 4.540 25.921
   4664466 5761 4.300 7.083
   4664471 5821 4.450 15.431
   4666400 5791 4.460 5.851
   4667313 5742 4.540 9.688
   4668066 5628 4.410 10.443
   4668131 5728 4.430 20.393
   4668481 5779 4.690 6.765
   4670019 5761 4.560 7.542
   4670468 5886 4.600 4.168
   4671186 5866 4.900 8.832
   4671612 5667 4.480 20.577
   4672626 5713 4.730 9.158
   4672795 5794 4.640 15.938
   4681041 5722 4.620 19.380
   4681993 5676 4.630 2.110
   4726114 5782 4.330 22.408
   4727175 5670 4.650 10.361
   4731622 5810 4.460 21.274
   4732363 5729 4.490 17.441
   4736137 5924 4.230 14.384
   4737440 5702 4.560 18.375
   4739323 5629 4.350 13.584
   4739683 5927 4.320 6.152
   4740364 5673 4.410 5.970
   4740375 5738 4.450 5.963
   4741685 5671 4.380 0.714
   4741942 5750 5.050 12.589
   4743097 5778 4.430 9.566
   4743116 5809 4.320 22.097
   4750938 5804 4.340 4.159
   4751552 5751 4.420 12.652
   4751745 5702 4.400 12.593
   4752424 5927 4.400 15.182
   4752512 5646 4.600 19.841
   4753734 5762 4.420 11.310
   4754054 5757 4.500 20.365
   4755210 5681 4.730 6.034
   4755493 5778 4.460 18.914
   4756232 5679 4.460 15.958
   4756833 5860 4.720 18.058
   4757567 5851 4.380 18.741
   4757792 5911 4.700 8.362
   4757923 5776 4.490 26.003
   4758531 5679 5.010 14.070
   4759201 5696 4.620 23.580
   4760140 5792 4.360 4.853
   4760952 5923 4.750 8.477
   4761588 5865 4.440 20.472
   4762130 5918 4.560 0.797
   4762445 5855 4.510 12.115
   4762986 5832 4.360 4.675
   4770589 5696 4.650 7.017
   4771201 5720 4.420 18.077
   4773240 5757 4.540 4.202
   4773376 5798 4.570 5.977
   4773395 5644 4.810 10.423
   4773623 5647 4.690 20.945
   4815947 5806 4.490 9.799
   4819182 5881 4.350 4.220
   4819602 5723 4.470 4.188
   4821247 5691 4.470 17.726
   4825741 5696 4.540 11.412
   4826941 5748 4.420 3.485
   4827981 5874 4.440 13.815
   4830016 5913 4.450 12.454
   4830190 5840 4.440 10.261
   4831272 5835 4.490 11.209
   4831557 5822 4.540 14.909
   4832873 5893 4.590 14.173
   4839912 5746 4.380 15.245
   4840365 5841 4.510 7.189
   4840439 5807 4.530 18.329
   4840518 5879 4.340 9.178
   4840575 5833 4.590 8.394
   4841110 5706 4.380 20.232
   4841734 5759 4.330 8.948
   4843454 5815 4.280 5.753
   4843462 5835 4.500 16.849
   4843645 5734 4.540 16.684
   4843751 5747 4.640 9.287
   4844526 5797 4.680 22.278
   4844798 5719 4.690 17.786
   4844951 5753 4.730 11.567
   4845003 5711 4.530 8.664
   4845401 5730 4.770 3.241
   4845723 5747 4.510 13.935
   4845734 5842 4.700 11.259
   4845877 5715 4.370 18.353
   4846236 5757 4.430 5.524
   4847250 5748 4.590 4.943
   4850882 5712 4.740 2.010
   4850888 5716 4.330 4.277
   4851007 5702 4.720 0.607
   4851535 5863 4.650 11.417
   4852055 5645 4.530 2.415
   4852283 5902 4.560 4.788
   4852315 5758 4.610 5.622
   4857132 5721 4.490 17.890
   4857168 5703 4.570 3.444
   4859022 5654 4.220 4.583
   4860414 5635 4.860 14.127
   4860907 5838 4.710 4.647
   4862089 5854 4.650 18.605
   4862206 5910 4.610 3.696
   4862765 5682 4.830 4.720
   4863614 5813 4.800 1.010
   4902014 5873 4.430 1.788
   4903070 5704 4.300 6.928
   4904000 5678 4.520 23.291
   4904293 5786 4.510 5.887
   4909515 5791 4.370 7.096
   4912254 5803 4.540 7.764
   4913740 5702 4.410 13.737
   4914771 5677 4.490 13.026
   4915545 5922 4.270 25.640
   4916384 5628 4.670 40.837
   4917878 5904 4.570 17.901
   4919184 5699 4.480 12.986
   4919809 5716 4.420 7.859
   4921468 5882 4.420 23.270
   4921935 5889 4.480 10.874
   4927782 5716 4.650 18.200
   4927862 5860 4.400 10.383
   4927891 5762 4.600 18.542
   4928560 5656 4.410 20.740
   4929808 5705 4.450 7.946
   4929905 5869 4.370 9.902
   4929989 5687 4.400 14.953
   4930663 5856 4.710 9.921
   4930802 5745 4.660 16.925
   4930913 5840 4.740 16.052
   4932500 5835 4.500 22.717
   4933027 5763 4.540 17.333
   4933065 5703 4.610 8.988
   4934110 5651 4.520 39.049
   4934807 5636 4.520 17.098
   4935578 5873 4.830 10.202
   4936020 5817 4.590 12.458
   4939764 5817 4.500 1.600
   4940698 5801 4.540 4.860
   4944689 5896 4.500 7.030
   4945026 5830 4.670 19.011
   4947394 5662 4.410 7.491
   4947841 5860 4.810 2.984
   4948236 5660 4.970 10.410
   4948407 5809 4.530 16.879
   4948914 5800 4.660 14.963
   4949027 5697 4.640 56.162
   4949769 5737 5.120 1.570
   4950326 5868 4.810 12.250
   4951372 5776 4.990 2.043
   4951776 5694 4.970 8.827
   4989204 5822 4.360 7.537
   4990601 5735 4.440 20.464
   4992237 5900 4.240 7.763
   4995199 5836 4.590 4.614
   4995418 5855 4.530 12.003
   4997082 5659 4.310 10.172
   5000199 5877 4.520 12.098
   5003319 5697 4.550 6.266
   5003889 5916 4.220 12.559
   5004189 5724 4.410 23.717
   5006008 5765 4.390 18.926
   5007471 5758 4.600 18.761
   5007875 5831 4.390 14.351
   5008172 5735 4.600 9.540
   5009157 5788 4.490 4.652
   5009619 5667 4.550 18.517
   5014699 5684 4.540 15.814
   5015084 5819 4.210 51.004
   5015695 5903 4.630 6.822
   5015764 5841 4.680 0.954
   5017876 5846 4.630 10.507
   5019871 5779 4.540 17.711
   5020480 5780 4.560 17.748
   5021010 5791 4.360 21.629
   5021784 5783 4.500 6.139
   5022454 5891 4.280 6.725
   5024263 5720 4.440 17.524
   5025233 5879 4.310 4.047
   5026088 5720 4.680 7.498
   5026306 5672 4.370 4.132
   5027658 5803 4.770 11.774
   5028174 5727 4.580 12.730
   5028183 5706 4.420 19.504
   5033359 5644 4.300 1.962
   5034263 5754 4.680 7.417
   5034559 5756 4.520 17.955
   5036092 5666 4.390 23.795
   5036928 5707 4.650 5.046
   5037740 5779 4.610 7.328
   5039222 5766 4.570 0.449
   5042015 5637 4.550 4.549
   5087430 5890 4.560 12.245
   5093036 5770 4.540 11.943
   5093163 5800 4.340 0.402
   5093512 5691 4.490 0.789
   5094483 5628 4.950 20.293
   5096578 5743 4.820 15.091
   5097045 5648 4.400 7.883
   5097584 5922 4.640 9.924
   5098163 5674 4.480 7.005
   5104230 5698 4.450 29.956
   5104637 5875 4.790 10.464
   5105459 5643 4.360 8.211
   5105638 5715 4.600 18.283
   5105797 5659 4.500 7.050
   5105817 5790 4.590 21.969
   5106550 5663 4.530 20.010
   5106592 5733 4.800 5.490
   5107035 5646 4.380 21.231
   5107198 5804 4.480 0.362
   5107349 5702 4.390 25.535
   5107920 5703 4.530 14.528
   5108114 5659 4.670 17.600
   5108317 5651 4.470 14.991
   5108380 5675 4.450 22.867
   5108624 5927 4.420 17.384
   5109984 5649 4.540 23.026
   5110065 5745 4.460 19.105
   5111396 5768 4.260 6.031
   5112995 5849 4.460 38.363
   5113001 5821 4.380 6.509
   5114470 5652 4.430 4.006
   5115044 5867 4.600 4.689
   5115300 5813 4.900 5.261
   5115501 5825 4.550 10.215
   5115642 5690 4.470 5.506
   5120608 5917 4.270 0.292
   5120867 5642 4.460 22.088
   5121003 5810 4.430 3.394
   5125441 5780 4.440 12.384
   5128966 5679 4.480 0.509
   5130844 5762 4.330 6.687
   5131026 5860 4.330 8.948
   5131480 5678 4.600 2.983
   5131600 5670 4.680 7.183
   5165799 5629 4.460 6.631
   5165870 5856 4.340 3.322
   5171623 5855 4.530 11.359
   5174443 5701 4.490 20.158
   5175427 5650 4.510 24.183
   5175788 5840 4.910 15.855
   5175929 5923 4.360 11.958
   5177340 5914 4.630 6.827
   5179517 5675 4.380 12.867
   5182328 5664 4.440 17.109
   5183364 5798 4.490 13.727
   5184256 5832 4.480 7.933
   5184498 5827 4.430 10.757
   5184832 5743 4.780 14.156
   5185067 5861 4.390 7.211
   5185228 5661 4.360 14.171
   5192454 5822 4.710 8.885
   5193491 5646 4.810 16.587
   5193887 5743 4.610 18.797
   5194090 5756 4.630 19.197
   5194444 5668 4.480 2.580
   5195758 5865 4.590 7.623
   5195941 5802 4.320 15.307
   5198027 5857 4.490 8.334
   5198546 5802 4.460 32.449
   5198683 5867 4.530 18.216
   5200508 5713 4.670 18.257
   5201375 5641 4.530 4.762
   5202754 5629 4.940 18.271
   5202826 5658 4.350 3.870
   5207255 5693 4.560 18.736
   5207271 5696 4.510 17.710
   5212828 5687 4.650 11.859
   5213320 5718 4.630 1.838
   5214262 5640 4.810 5.630
   5215024 5836 4.740 5.837
   5215283 5751 4.630 15.502
   5215632 5731 4.400 4.615
   5216008 5914 4.650 6.934
   5216891 5793 4.490 5.519
   5217910 5634 4.370 3.552
   5218871 5708 4.640 3.935
   5219874 5827 4.290 1.227
   5220061 5643 4.500 4.332
   5220315 5822 4.450 20.226
   5253082 5655 4.340 15.542
   5254668 5774 4.220 17.488
   5256565 5708 4.350 9.659
   5257373 5780 4.410 2.296
   5260359 5777 4.360 10.963
   5262539 5664 4.390 19.688
   5262739 5754 4.460 13.272
   5262779 5786 4.430 14.722
   5263331 5839 4.520 8.975
   5263732 5758 4.500 11.161
   5264312 5830 4.400 27.353
   5265063 5653 4.460 22.317
   5265288 5830 4.260 12.824
   5269222 5922 4.210 3.123
   5269411 5806 4.310 14.097
   5269492 5904 4.390 13.960
   5269979 5773 4.450 13.594
   5270685 5790 4.490 19.882
   5270833 5884 4.600 18.035
   5271040 5698 4.840 13.037
   5271737 5853 4.600 8.897
   5273296 5823 4.330 11.678
   5273473 5758 4.380 0.474
   5281167 5747 4.490 9.515
   5281361 5823 4.660 17.014
   5281403 5826 4.790 24.810
   5281475 5752 4.750 16.073
   5281958 5866 4.730 12.065
   5281966 5657 4.480 4.907
   5282229 5909 4.760 14.780
   5282285 5771 4.570 18.060
   5282297 5850 4.490 18.662
   5282345 5711 4.470 7.975
   5283568 5687 4.410 14.907
   5283930 5702 4.540 15.227
   5284595 5771 4.700 2.192
   5285380 5873 4.610 7.914
   5285693 5789 4.470 13.940
   5285768 5811 4.400 8.747
   5286550 5875 4.670 6.283
   5287185 5822 4.560 4.122
   5288041 5797 4.450 27.218
   5288896 5701 4.930 18.779
   5289138 5846 4.420 5.904
   5289416 5927 4.500 10.744
   5290338 5651 4.870 4.324
   5295023 5875 4.630 18.658
   5295397 5876 4.340 6.320
   5297448 5703 4.410 13.938
   5297474 5901 4.230 41.506
   5299062 5791 4.370 5.423
   5300910 5924 4.310 7.563
   5300919 5752 4.410 8.218
   5301216 5818 4.330 21.357
   5301441 5852 4.460 13.034
   5301884 5857 4.600 10.435
   5301961 5760 4.650 2.535
   5302013 5821 4.360 9.503
   5302725 5851 4.430 2.332
   5303920 5750 4.550 2.950
   5304150 5669 4.500 19.293
   5305764 5916 4.400 4.805
   5306932 5796 4.490 3.005
   5306984 5683 4.440 3.162
   5307537 5655 4.820 5.319
   5307896 5798 4.430 3.162
   5308533 5825 4.500 18.912
   5308886 5871 4.380 6.447
   5309077 5793 4.450 10.363
   5342611 5654 4.540 0.327
   5342975 5710 4.430 17.471
   5349767 5629 4.530 25.266
   5350100 5796 4.330 3.582
   5350161 5866 4.370 5.195
   5351929 5668 4.460 23.059
   5352027 5670 4.550 1.380
   5352130 5847 4.590 14.274
   5352480 5824 4.380 11.668
   5352500 5702 4.450 25.328
   5352687 5654 4.380 5.200
   5352708 5756 4.500 25.250
   5352999 5784 4.740 21.333
   5354154 5712 4.270 13.627
   5355998 5711 4.790 18.595
   5356058 5810 4.430 7.836
   5357718 5727 4.600 11.155
   5359456 5849 4.460 11.237
   5360981 5765 4.660 17.003
   5361056 5657 4.520 7.704
   5361249 5790 4.570 20.281
   5364578 5880 4.600 9.001
   5369795 5632 4.600 5.244
   5370116 5912 4.620 13.976
   5370683 5863 4.630 10.343
   5370753 5670 4.400 11.798
   5370922 5688 4.380 30.466
   5371597 5779 4.500 3.510
   5372208 5629 4.550 43.991
   5372726 5636 4.480 13.729
   5373246 5670 4.570 9.246
   5374110 5877 4.360 11.995
   5375131 5758 4.530 16.863
   5375352 5794 4.730 3.440
   5376018 5658 4.680 18.634
   5377367 5770 4.350 14.284
   5383054 5681 4.750 10.891
   5384341 5912 4.240 12.705
   5384991 5818 4.500 14.038
   5385051 5690 4.560 14.457
   5385172 5882 4.370 9.348
   5386712 5829 4.290 20.333
   5386779 5749 4.310 14.558
   5387112 5875 4.380 10.091
   5387550 5710 4.530 5.398
   5387905 5750 4.370 18.336
   5388347 5835 4.380 19.993
   5388787 5651 4.540 11.345
   5389030 5768 4.530 13.969
   5389066 5870 4.550 2.248
   5391814 5686 4.520 13.913
   5391822 5868 4.690 8.041
   5393631 5897 4.680 0.770
   5394186 5745 4.390 12.094
   5395681 5657 4.390 61.408
   5396090 5752 4.390 3.363
   5397106 5801 4.380 9.561
   5426356 5842 4.270 0.415
   5426423 5787 4.300 12.263
   5430087 5730 4.310 13.485
   5430849 5840 4.200 18.152
   5437025 5836 4.540 6.756
   5441028 5785 4.310 11.930
   5441058 5640 4.330 19.814
   5443980 5920 4.530 10.926
   5444950 5773 4.590 45.128
   5445340 5804 4.380 12.903
   5446798 5883 4.410 19.947
   5450764 5713 4.830 16.867
   5456269 5869 4.420 11.561
   5456359 5689 4.370 7.460
   5456757 5871 4.660 17.083
   5457337 5679 4.430 4.479
   5457799 5684 4.690 6.129
   5458458 5738 4.310 12.073
   5458813 5723 4.660 14.083
   5459126 5820 4.630 11.952
   5459293 5695 4.530 22.615
   5459300 5711 4.440 8.807
   5459480 5640 4.520 6.003
   5459534 5816 4.460 5.440
   5459729 5676 4.830 16.356
   5460010 5863 4.580 15.995
   5460990 5730 4.770 2.286
   5461285 5803 4.430 17.288
   5461481 5798 4.460 11.095
   5461699 5894 4.700 11.202
   5462169 5892 4.440 5.216
   5462274 5720 4.440 5.561
   5462311 5791 4.520 18.860
   5462411 5798 4.500 18.084
   5467495 5799 4.680 12.270
   5467710 5629 4.980 8.611
   5469721 5808 4.600 3.669
   5470767 5684 4.300 13.715
   5471016 5759 4.680 9.708
   5472644 5707 4.480 20.711
   5473342 5653 4.450 7.027
   5473584 5713 4.470 0.503
   5474302 5668 4.450 17.964
   5475158 5726 4.900 4.356
   5475788 5830 4.480 18.340
   5475843 5745 4.530 23.042
   5476125 5654 4.330 21.390
   5476835 5781 4.440 1.155
   5476920 5863 4.370 2.648
   5477315 5904 4.210 1.626
   5477673 5870 4.640 5.112
   5479766 5701 4.560 1.706
   5479819 5763 4.430 3.596
   5479831 5681 4.530 1.706
   5479950 5638 4.740 7.760
   5479971 5686 4.490 7.775
   5482415 5752 4.790 1.869
   5511530 5824 4.450 13.642
   5511752 5746 4.320 8.290
   5520450 5731 4.570 17.932
   5520544 5802 4.470 15.867
   5521096 5816 4.480 17.274
   5521447 5782 4.340 21.023
   5521644 5912 4.580 13.601
   5521966 5824 4.350 14.688
   5522469 5829 4.430 11.292
   5523571 5800 4.500 18.319
   5524810 5782 4.740 12.668
   5524901 5857 4.360 9.902
   5525577 5804 4.620 16.069
   5525655 5737 4.460 18.687
   5525716 5750 4.630 18.358
   5525755 5764 4.470 12.953
   5525818 5814 4.640 17.862
   5526020 5851 4.450 10.574
   5527107 5806 4.440 17.504
   5528318 5829 4.400 6.586
   5529014 5681 4.590 25.298
   5529415 5670 4.570 16.845
   5529590 5847 4.790 24.663
   5530420 5715 4.950 19.706
   5530516 5911 4.560 24.430
   5530623 5702 4.590 24.061
   5530683 5786 4.460 11.418
   5530723 5823 4.830 16.533
   5530832 5678 4.570 23.968
   5531616 5742 4.530 6.169
   5535418 5705 4.510 21.248
   5535915 5850 4.430 15.335
   5535947 5737 4.460 13.879
   5536977 5798 4.410 17.210
   5542224 5751 4.480 16.235
   5544060 5852 4.570 17.757
   5545072 5728 4.680 14.866
   5545902 5677 4.340 18.726
   5546055 5832 4.620 12.048
   5553228 5897 4.390 12.763
   5553367 5777 4.700 4.424
   5554125 5919 4.360 20.911
   5556463 5829 4.610 8.426
   5556704 5828 4.520 17.536
   5557167 5738 4.350 9.381
   5558191 5645 4.390 4.254
   5558263 5894 4.430 15.195
   5558350 5701 4.580 4.326
   5558494 5884 4.420 18.272
   5558498 5867 4.580 5.441
   5558914 5800 4.600 6.501
   5559935 5630 4.640 8.184
   5560273 5771 4.620 2.194
   5560399 5690 4.400 9.892
   5560719 5716 4.410 42.063
   5561695 5679 4.600 19.126
   5562457 5797 4.210 2.901
   5562776 5889 4.320 8.098
   5563578 5628 4.590 13.440
   5565416 5896 4.670 6.495
   5566531 5900 4.570 16.983
   5596558 5789 4.230 18.422
   5597140 5892 4.290 16.949
   5597879 5713 4.370 17.972
   5603110 5822 4.660 12.413
   5607266 5676 4.500 24.322
   5607335 5659 4.370 18.783
   5607575 5760 4.630 31.805
   5607906 5878 4.700 12.450
   5608469 5631 4.640 20.951
   5608986 5637 4.940 7.545
   5609183 5769 4.370 11.337
   5610815 5680 4.630 19.090
   5611966 5686 4.330 17.162
   5612865 5900 4.400 16.758
   5613218 5738 4.560 17.695
   5613405 5648 4.350 10.408
   5616432 5672 4.350 4.354
   5617044 5737 4.580 8.031
   5617378 5873 4.390 9.152
   5617426 5810 4.760 12.133
   5620470 5746 4.560 4.536
   5621043 5817 4.400 14.171
   5622796 5685 4.600 20.175
   5623852 5887 4.570 0.570
   5623991 5894 4.290 21.341
   5628536 5803 4.400 15.577
   5629172 5687 4.580 21.222
   5631580 5787 4.660 16.672
   5633401 5831 4.470 6.206
   5637094 5830 4.640 6.619
   5637306 5903 4.580 14.750
   5637313 5783 4.390 5.213
   5637591 5652 4.230 5.164
   5640782 5655 4.290 47.492
   5643118 5875 4.430 27.892
   5643492 5832 4.650 8.951
   5644384 5827 4.400 12.859
   5644758 5815 4.560 1.706
   5645776 5808 4.460 5.658
   5649114 5652 4.670 16.239
   5651229 5728 4.490 13.899
   5651940 5847 4.410 19.353
   5682921 5753 4.380 20.251
   5683346 5887 4.350 16.476
   5684288 5643 4.480 21.282
   5685838 5760 4.640 20.240
   5688298 5831 4.460 17.195
   5688849 5894 4.500 20.872
   5689116 5734 4.770 10.530
   5690067 5816 4.500 16.232
   5690085 5828 4.530 9.994
   5693059 5920 4.520 10.696
   5693869 5759 4.710 18.278
   5694839 5636 4.500 13.830
   5694957 5631 4.520 21.070
   5696303 5825 4.610 10.411
   5696716 5768 4.430 19.116
   5699242 5840 4.400 23.952
   5701440 5837 4.530 11.654
   5701773 5922 4.390 19.426
   5702461 5877 4.580 8.629
   5702730 5883 4.270 15.936
   5702872 5825 4.540 10.247
   5703256 5756 4.450 19.197
   5706841 5632 4.480 15.903
   5706891 5671 4.530 1.183
   5706895 5846 4.650 8.119
   5707620 5837 4.600 12.155
   5709521 5734 4.580 15.387
   5710228 5643 4.430 9.190
   5715508 5874 4.630 11.856
   5715686 5881 4.380 9.297
   5716131 5911 4.580 14.118
   5716492 5807 4.240 19.698
   5717647 5849 4.690 5.802
   5717832 5756 4.660 19.371
   5724813 5818 4.660 9.443
   5727413 5734 4.380 15.039
   5730566 5767 4.630 8.011
   5731643 5655 4.520 26.760
   5733972 5853 4.270 2.685
   5734690 5738 4.600 5.956
   5736112 5772 4.470 2.052
   5736425 5675 4.500 9.016
   5737193 5660 4.450 6.435
   5739054 5632 4.780 9.969
   5767489 5685 4.560 3.442
   5769953 5657 4.350 16.461
   5770515 5804 4.310 5.721
   5773489 5641 4.220 7.333
   5773502 5807 4.400 12.486
   5773784 5658 4.540 6.511
   5773940 5701 4.560 26.574
   5774594 5789 4.410 3.146
   5774937 5741 4.480 9.292
   5781749 5915 4.440 15.242
   5782933 5733 4.690 13.432
   5784252 5643 4.590 15.145
   5786235 5714 4.600 27.616
   5786369 5792 4.520 20.423
   5786765 5751 4.560 11.204
   5788426 5680 4.620 15.213
   5788648 5782 4.360 9.173
   5792243 5891 4.490 10.551
   5792307 5750 4.520 12.447
   5794238 5755 4.410 12.738
   5794265 5725 4.530 14.142
   5795198 5904 4.380 17.076
   5795707 5725 4.590 6.923
   5801501 5743 4.700 15.346
   5802107 5902 4.510 9.907
   5802116 5791 4.420 19.798
   5802346 5808 4.230 2.822
   5806573 5841 4.650 11.984
   5806860 5794 4.470 14.904
   5808673 5704 4.390 1.019
   5812244 5827 4.500 56.346
   5814100 5752 4.570 15.903
   5816144 5913 4.440 5.587
   5817210 5782 4.210 3.267
   5817243 5711 4.450 2.943
   5818165 5859 4.420 2.026
   5819004 5631 4.490 4.000
   5820605 5799 4.510 10.399
   5823237 5634 4.440 5.302
   5823474 5666 4.410 19.343
   5823958 5911 4.610 2.964
   5857622 5693 4.320 11.641
   5858217 5726 4.300 18.622
   5860296 5822 4.420 18.597
   5866180 5789 4.410 19.008
   5866245 5849 4.210 15.131
   5868105 5679 4.390 3.559
   5872435 5751 4.250 15.313
   5872521 5864 4.450 19.541
   5876243 5827 4.730 14.128
   5877510 5843 4.750 8.740
   5878550 5743 4.470 12.381
   5879318 5751 4.910 21.169
   5880107 5812 4.210 9.241
   5880698 5654 4.670 5.401
   5881169 5632 4.490 18.638
   5881201 5684 4.570 5.855
   5881384 5726 4.940 13.742
   5881665 5829 4.500 14.220
   5887692 5797 4.590 5.325
   5887965 5830 4.360 33.205
   5892974 5841 4.490 14.961
   5893570 5636 4.500 12.889
   5894449 5816 4.460 1.330
   5895289 5813 4.490 11.151
   5895712 5858 4.560 6.431
   5895761 5631 4.430 7.363
   5895924 5873 4.470 6.305
   5898578 5773 4.370 17.800
   5898935 5700 4.490 0.292
   5905217 5690 4.470 18.488
   5907353 5849 4.370 13.638
   5937224 5715 4.460 6.619
   5941712 5765 4.540 8.353
   5949537 5789 4.530 2.708
   5950539 5861 4.630 20.796
   5951314 5884 4.470 13.859
   5951750 5921 4.420 13.067
   5951951 5837 4.470 17.399
   5952987 5641 4.440 21.610
   5953100 5705 4.330 24.636
   5953631 5655 4.410 14.778
   5953966 5699 4.340 22.274
   5956385 5755 4.920 20.910
   5962877 5646 4.260 0.605
   5963116 5904 4.550 14.432
   5963267 5720 4.940 15.376
   5963360 5919 4.230 13.085
   5963970 5888 4.380 14.330
   5964063 5678 4.840 19.292
   5965087 5869 4.430 11.756
   5965629 5658 4.570 20.862
   5965897 5654 4.550 14.992
   5966043 5677 4.500 7.754
   5966352 5823 4.510 22.138
   5976705 5686 4.710 21.488
   5977073 5793 4.700 7.716
   5978266 5739 4.450 21.871
   5978423 5729 4.680 10.601
   5981151 5786 4.500 2.321
   5984603 5652 4.380 6.368
   5985197 5800 4.400 11.955
   5985601 5638 4.400 0.490
   5987383 5804 4.440 6.217
   5988860 5675 4.320 23.649
   5989889 5784 4.530 9.903
   5991528 5803 4.330 10.186
   6020045 5690 4.670 11.014
   6020929 5801 4.440 8.017
   6024170 5833 4.570 6.671
   6029105 5808 4.510 11.286
   6033372 5628 4.610 14.236
   6035247 5765 4.400 17.132
   6035466 5830 4.560 15.427
   6035912 5677 4.730 10.409
   6037036 5797 4.510 8.235
   6037624 5874 4.390 12.685
   6037748 5750 4.520 9.102
   6038200 5738 4.590 21.752
   6041469 5656 4.460 22.231
   6041560 5801 4.670 13.475
   6042068 5741 4.500 7.925
   6042691 5739 4.610 18.393
   6042898 5846 4.450 18.176
   6043337 5834 4.530 22.342
   6043574 5782 4.220 18.518
   6043632 5701 4.390 24.566
   6044739 5792 4.380 18.973
   6044882 5917 4.390 1.251
   6045209 5778 4.530 17.419
   6045309 5731 4.820 17.105
   6045412 5690 4.420 18.186
   6045936 5682 4.880 12.782
   6047135 5840 4.750 2.766
   6047142 5838 4.590 7.351
   6047663 5822 4.560 22.166
   6048135 5885 4.630 9.818
   6049025 5752 4.640 22.067
   6049546 5708 4.470 21.392
   6049678 5756 4.710 13.947
   6049803 5900 4.390 10.058
   6056983 5719 4.440 2.906
   6057293 5791 4.650 6.937
   6057369 5808 4.630 6.590
   6057567 5752 4.620 22.641
   6059055 5740 4.550 2.018
   6059892 5682 4.570 9.561
   6060431 5882 4.560 18.896
   6061774 5643 4.710 14.572
   6062185 5664 4.660 15.327
   6065478 5685 4.350 29.313
   6067067 5901 4.520 12.706
   6067277 5795 4.610 3.681
   6067942 5650 4.810 8.253
   6068628 5696 4.380 8.987
   6070594 5750 4.590 11.431
   6071791 5817 4.460 2.673
   6071998 5892 4.360 6.365
   6072451 5818 4.460 2.995
   6101661 5916 4.400 7.038
   6103297 5794 4.680 20.429
   6109799 5875 5.090 8.966
   6109908 5828 4.360 12.896
   6109998 5791 4.540 19.577
   6111092 5697 4.460 23.295
   6115165 5673 4.580 12.744
   6116442 5635 4.690 18.666
   6118616 5886 4.520 5.270
   6122713 5794 4.550 12.583
   6123735 5774 4.680 3.655
   6124396 5840 4.420 25.551
   6126265 5689 4.740 14.949
   6128245 5697 4.660 21.079
   6128744 5737 4.610 6.593
   6129022 5889 4.480 22.565
   6129619 5694 4.440 3.745
   6130876 5796 4.570 4.542
   6130986 5845 4.550 21.859
   6138299 5851 4.450 16.426
   6138443 5688 4.540 8.314
   6139905 5798 4.640 9.817
   6139946 5908 4.590 19.253
   6141071 5638 4.640 19.389
   6142199 5668 4.430 29.235
   6143030 5758 4.550 13.461
   6145471 5782 4.430 8.311
   6149138 5880 4.500 2.436
   6151368 5662 4.410 2.676
   6181175 5723 4.210 20.909
   6184839 5681 4.610 20.266
   6187292 5715 4.500 18.870
   6191036 5693 4.210 4.013
   6191289 5674 4.520 14.940
   6196908 5724 4.690 13.984
   6198118 5853 4.490 19.777
   6200639 5800 4.530 11.863
   6200734 5790 4.390 22.557
   6201064 5842 4.490 12.703
   6201205 5682 4.550 18.842
   6203696 5924 4.460 16.488
   6203753 5668 4.470 19.037
   6204529 5832 4.560 20.911
   6204846 5749 4.590 13.195
   6204976 5829 4.750 4.550
   6205852 5715 4.470 19.638
   6206128 5792 4.460 0.406
   6207301 5680 4.410 9.019
   6207535 5705 4.620 17.930
   6208655 5901 4.370 11.932
   6209832 5790 4.600 1.267
   6209929 5787 4.620 7.780
   6210012 5779 4.500 8.392
   6211370 5633 4.360 10.189
   6211382 5675 4.310 25.358
   6211757 5837 4.430 6.232
   6212430 5895 4.420 7.457
   6213173 5787 4.430 17.656
   6213430 5852 4.530 8.512
   6214048 5840 4.660 5.589
   6219926 5725 4.420 16.400
   6220160 5862 4.590 11.957
   6221001 5728 4.320 3.362
   6222407 5717 4.380 18.543
   6223256 5710 4.310 2.098
   6225118 5866 4.520 3.858
   6225475 5846 4.460 8.749
   6231124 5865 4.350 5.527
   6231129 5759 4.280 34.029
   6231352 5801 4.320 21.954
   6233553 5855 4.530 2.626
   6263565 5652 4.530 23.427
   6263848 5850 4.370 15.049
   6263983 5750 4.240 13.805
   6265113 5676 4.440 50.195
   6266324 5654 4.950 16.146
   6266846 5658 4.310 14.140
   6268068 5837 4.350 18.646
   6268681 5834 4.260 3.498
   6268785 5926 4.430 5.190
   6271613 5674 4.780 14.541
   6277018 5725 4.470 1.773
   6277167 5712 4.560 15.190
   6278183 5811 4.570 11.793
   6279085 5681 4.380 15.476
   6279286 5694 4.520 22.836
   6279323 5639 4.570 23.019
   6280633 5844 4.590 13.108
   6280977 5884 4.650 13.545
   6283344 5722 4.510 0.302
   6284565 5675 4.480 20.341
   6285848 5698 4.340 9.515
   6286866 5712 4.650 12.747
   6289956 5816 4.530 7.452
   6291452 5793 4.440 10.787
   6292264 5736 4.540 17.611
   6292310 5662 4.530 6.565
   6293275 5676 4.560 17.136
   6293770 5688 4.830 7.984
   6294461 5630 4.550 14.895
   6301428 5717 4.670 14.985
   6303170 5850 4.410 13.663
   6303460 5793 4.360 14.592
   6306269 5772 4.330 7.308
   6306718 5896 4.400 12.603
   6307013 5896 4.410 11.266
   6307289 5659 4.420 12.906
   6308164 5725 4.350 1.702
   6309641 5795 4.310 12.468
   6310790 5881 4.450 15.766
   6311285 5733 4.520 13.266
   6311927 5812 4.390 7.282
   6313028 5824 4.560 4.631
   6342027 5766 4.460 5.149
   6346105 5653 4.790 19.095
   6346186 5718 4.690 15.163
   6346865 5776 4.380 19.009
   6346894 5639 4.530 4.645
   6347103 5761 4.450 11.268
   6350526 5722 4.600 20.634
   6353125 5776 4.430 26.067
   6356556 5648 4.470 24.101
   6358475 5857 4.710 7.375
   6358701 5675 4.830 24.837
   6358759 5858 4.520 10.576
   6359539 5706 4.710 9.225
   6359768 5726 4.640 0.411
   6362332 5668 4.610 22.409
   6362395 5628 4.640 15.009
   6362412 5655 4.620 23.121
   6362601 5723 4.520 8.198
   6362984 5820 4.440 17.825
   6363768 5914 4.520 11.628
   6363803 5692 4.540 24.701
   6364326 5773 4.450 6.545
   6366035 5891 4.420 15.887
   6368086 5869 5.000 12.908
   6368620 5663 4.340 22.650
   6369666 5773 4.490 21.677
   6369919 5775 4.530 9.966
   6370015 5707 4.360 20.220
   6372415 5792 4.330 8.115
   6373383 5744 4.500 9.130
   6374063 5904 4.290 1.058
   6384202 5684 4.350 3.988
   6384496 5830 4.210 2.852
   6385897 5778 4.410 22.967
   6388864 5811 4.350 3.116
   6392858 5699 4.330 6.899
   6421480 5683 4.410 6.196
   6423596 5754 4.480 17.658
   6424306 5729 4.460 14.168
   6428971 5827 4.780 10.299
   6431431 5801 4.510 4.516
   6435654 5651 4.600 23.918
   6436910 5860 4.540 14.933
   6440833 5633 4.830 11.892
   6441500 5746 4.520 18.771
   6442378 5817 4.450 19.481
   6442389 5632 4.500 18.853
   6443090 5728 4.310 13.477
   6444773 5692 4.480 15.078
   6446039 5634 4.950 20.496
   6446172 5789 4.570 18.380
   6446499 5729 4.480 20.942
   6446750 5782 4.490 21.027
   6448067 5655 4.590 22.624
   6448530 5881 4.430 11.925
   6448796 5799 4.640 19.498
   6451979 5711 4.870 4.964
   6452562 5740 4.380 23.077
   6461231 5628 4.850 11.469
   6465033 5845 4.400 9.251
   6465289 5686 4.510 14.159
   6467234 5722 4.540 19.753
   6471229 5695 4.820 2.483
   6497329 5757 4.240 13.899
   6500289 5673 4.410 10.009
   6500531 5846 4.580 17.399
   6501743 5852 4.410 10.256
   6503431 5891 4.540 14.458
   6503862 5716 4.550 14.069
   6507160 5818 4.710 13.841
   6507982 5648 4.380 7.802
   6508291 5824 4.510 16.260
   6508787 5694 4.460 19.545
   6516192 5805 4.390 15.794
   6516854 5823 4.570 16.337
   6519865 5855 4.560 4.147
   6519961 5690 4.590 18.176
   6520967 5661 4.520 16.708
   6521238 5666 4.550 21.220
   6522674 5725 4.940 7.881
   6523389 5783 4.610 1.281
   6523698 5874 4.610 18.870
   6524037 5672 4.600 15.980
   6524921 5722 4.580 22.067
   6526113 5843 4.630 10.939
   6526672 5779 4.840 7.829
   6526878 5876 4.740 12.891
   6528260 5816 4.760 9.017
   6529892 5913 4.520 9.212
   6530561 5796 4.390 16.437
   6534994 5842 4.550 9.945
   6535211 5789 4.700 13.309
   6542321 5878 4.210 18.567
   6542983 5734 4.390 4.570
   6545267 5631 4.440 10.954
   6546614 5688 4.660 2.197
   6549486 5797 4.730 15.044
   6549746 5644 4.410 10.743
   6550346 5747 4.420 2.131
   6550516 5779 4.420 18.135
   6550956 5649 4.560 16.363
   6551349 5672 4.580 14.635
   6584196 5926 4.750 12.616
   6584491 5830 4.450 11.978
   6585265 5821 4.530 15.371
   6586313 5729 4.600 10.027
   6587091 5792 4.410 15.247
   6587630 5724 4.620 10.963
   6590737 5630 4.540 23.448
   6592652 5822 4.580 19.599
   6593559 5818 4.410 5.784
   6593845 5797 4.440 14.467
   6599775 5762 4.450 0.539
   6599881 5786 4.480 8.309
   6604312 5657 4.540 13.625
   6605264 5835 4.600 24.689
   6605846 5767 4.540 13.534
   6606008 5896 4.750 13.191
   6606574 5771 4.720 12.416
   6609683 5672 4.400 22.312
   6609879 5807 4.700 18.248
   6610438 5790 4.670 14.146
   6611476 5687 4.440 7.385
   6611775 5801 4.260 10.045
   6611779 5753 4.240 11.407
   6612659 5672 5.110 17.384
   6612766 5691 4.790 16.776
   6613091 5828 4.670 20.137
   6613542 5843 4.440 22.098
   6613545 5742 4.640 18.322
   6613812 5700 4.720 14.395
   6613871 5842 4.810 11.821
   6614188 5703 4.790 16.353
   6614391 5768 4.610 5.009
   6615201 5831 4.640 7.411
   6615697 5801 4.300 9.696
   6615772 5699 4.710 13.937
   6616190 5778 4.710 3.172
   6619240 5828 4.650 19.357
   6619975 5698 4.770 10.853
   6620046 5693 4.650 19.352
   6620473 5824 4.530 8.983
   6620691 5700 4.610 7.257
   6628089 5708 4.260 16.174
   6629962 5636 4.330 6.649
   6630991 5698 4.480 13.065
   6632325 5833 4.360 11.653
   6632435 5805 4.470 1.964
   6633398 5821 4.650 5.833
   6633420 5786 4.650 10.640
   6633496 5795 4.530 14.642
   6633742 5807 4.490 2.223
   6635557 5705 4.520 20.326
   6665390 5698 4.310 15.258
   6669790 5676 4.420 21.872
   6671697 5698 4.480 10.858
   6674875 5827 4.680 5.433
   6676236 5659 4.470 20.791
   6676296 5797 4.460 8.455
   6676338 5871 4.400 1.084
   6677616 5750 4.460 12.940
   6678067 5655 4.730 18.364
   6678388 5676 4.340 8.177
   6679363 5859 4.650 15.140
   6680645 5720 4.700 12.762
   6681452 5689 4.480 10.505
   6681913 5861 4.280 8.965
   6688310 5809 4.480 20.033
   6690107 5710 4.590 10.257
   6690679 5630 4.730 21.163
   6690898 5793 4.620 20.437
   6690916 5883 4.540 17.504
   6691114 5785 4.410 11.889
   6691449 5797 4.440 20.342
   6692424 5855 4.360 7.455
   6692972 5758 4.310 7.910
   6693131 5631 4.700 21.071
   6693851 5923 4.450 19.750
   6694396 5662 4.550 8.252
   6696360 5772 4.530 18.925
   6696576 5713 4.570 22.623
   6697831 5895 4.300 5.456
   6699514 5762 4.330 11.562
   6699759 5871 4.490 16.725
   6700200 5779 4.460 3.701
   6700841 5734 4.430 23.632
   6701046 5812 4.530 17.518
   6705181 5634 4.890 4.302
   6705508 5906 4.500 8.968
   6705688 5799 4.600 21.352
   6705821 5720 4.550 5.480
   6706050 5835 4.590 7.352
   6708043 5823 4.430 22.523
   6708110 5654 4.500 12.603
   6720160 5764 4.460 17.792
   6756111 5676 4.430 5.603
   6757116 5640 4.560 23.541
   6758178 5884 4.590 12.644
   6758733 5750 4.360 16.235
   6761792 5644 4.460 13.234
   6763970 5813 4.370 15.081
   6774408 5703 4.450 10.728
   6776072 5825 4.550 20.310
   6776746 5671 4.720 20.126
   6778113 5867 4.250 0.974
   6779003 5850 4.630 11.532
   6780263 5680 4.670 19.962
   6782111 5693 4.370 7.888
   6782515 5769 4.270 6.876
   6785377 5665 4.310 22.386
   6786267 5841 4.380 5.787
   6790311 5883 4.700 16.500
   6791755 5758 4.530 16.947
   6792806 5659 4.800 16.086
   6793927 5703 4.520 14.118
   6794070 5686 4.420 16.205
   6805252 5720 4.480 9.604
   6836658 5650 4.380 0.270
   6837709 5863 4.630 5.087
   6838367 5654 4.430 23.400
   6838446 5716 4.500 13.103
   6838894 5644 4.330 20.466
   6841465 5809 4.640 13.513
   6841854 5806 4.500 14.532
   6843327 5736 4.690 25.788
   6843826 5810 4.460 13.464
   6844298 5693 4.610 16.337
   6846385 5897 4.610 9.437
   6848271 5739 4.770 15.310
   6849086 5661 4.320 18.754
   6850310 5666 4.590 12.679
   6852201 5819 4.560 4.915
   6852489 5698 4.250 8.732
   6853715 5824 4.500 20.647
   6854528 5849 4.540 14.991
   6859453 5757 4.860 17.215
   6860244 5859 4.610 11.322
   6861416 5852 4.440 19.480
   6862999 5716 4.530 17.838
   6864181 5648 4.510 12.171
   6865484 5688 4.360 10.536
   6865828 5891 4.620 14.925
   6866602 5799 4.660 17.801
   6867232 5777 4.420 15.029
   6869185 5809 4.500 18.748
   6869823 5645 4.600 17.182
   6870010 5806 4.530 5.511
   6870369 5712 4.210 6.508
   6870503 5648 4.380 22.352
   6871280 5689 4.530 10.562
   6871865 5700 4.500 21.204
   6875394 5926 4.390 14.131
   6877404 5917 4.340 2.097
   6878185 5744 4.550 8.981
   6878514 5653 4.470 11.572
   6878798 5671 4.820 18.847
   6878913 5770 4.590 11.407
   6879914 5926 4.410 7.563
   6880179 5646 4.860 4.944
   6880959 5647 4.400 6.950
   6889467 5862 4.360 39.182
   6922059 5832 4.340 10.936
   6922583 5769 4.430 16.639
   6923739 5647 4.660 17.379
   6927556 5850 4.360 9.657
   6929217 5677 4.490 20.759
   6929580 5876 4.260 12.076
   6934362 5708 4.530 12.231
   6934779 5649 4.580 22.712
   6935009 5695 4.480 24.093
   6937199 5816 4.660 4.848
   6937647 5883 4.710 22.262
   6938756 5813 4.750 4.840
   6939913 5770 4.530 12.661
   6945529 5666 4.310 19.381
   6945890 5666 4.560 20.443
   6946819 5922 4.200 7.706
   6947015 5668 4.350 23.672
   6947058 5741 4.480 9.673
   6948977 5770 4.660 24.690
   6949198 5714 4.590 15.053
   6949383 5864 4.720 15.684
   6951696 5908 4.620 18.789
   6954861 5742 4.490 10.146
   6955481 5689 4.440 19.606
   6956092 5912 4.360 7.967
   6956396 5662 4.330 12.180
   6960111 5629 4.420 51.787
   6960292 5723 4.490 14.935
   6960581 5684 4.330 17.644
   6961140 5843 4.370 4.207
   6961315 5669 4.450 2.340
   6962308 5647 4.410 2.273
   6963238 5854 4.570 6.497
   6963988 5678 4.370 15.608
   6964210 5878 4.410 16.696
   6964594 5772 4.380 7.773
   6965030 5742 4.610 5.974
   6966527 5841 4.560 5.926
   6966557 5830 4.370 10.823
   6966817 5740 4.440 3.795
   6975013 5857 4.500 4.992
   6975143 5677 4.410 18.307
   6975380 5712 4.240 12.883
   6975958 5767 4.530 6.761
   6976008 5646 4.290 19.541
   6976560 5725 4.480 10.840
   7007174 5806 4.410 2.416
   7017186 5660 4.670 15.771
   7017862 5789 4.570 2.053
   7018509 5738 4.710 22.867
   7022813 5908 4.540 17.318
   7026127 5632 4.480 13.753
   7031341 5693 4.600 21.137
   7032218 5855 4.280 16.091
   7033063 5796 4.560 15.620
   7034033 5743 4.600 5.469
   7034341 5872 4.740 16.877
   7034441 5723 4.580 5.087
   7034960 5642 4.480 9.832
   7035844 5798 4.510 12.810
   7035911 5733 4.320 12.887
   7036256 5724 4.400 20.873
   7036401 5653 4.480 19.671
   7037037 5629 4.970 19.526
   7037146 5813 4.500 11.241
   7038396 5749 4.590 4.612
   7038675 5667 4.490 26.033
   7039635 5791 4.460 6.246
   7041882 5640 4.680 13.353
   7045365 5741 4.470 20.158
   7049642 5750 4.370 18.936
   7052306 5663 4.470 5.048
   7052321 5669 4.560 5.023
   7060028 5885 4.510 2.175
   7060864 5819 4.520 14.467
   7095060 5884 4.350 7.488
   7097873 5667 4.610 7.159
   7098363 5865 4.610 16.010
   7101432 5882 4.700 10.686
   7102087 5793 4.460 6.252
   7104250 5687 4.580 15.330
   7104724 5872 4.440 11.560
   7105442 5680 4.620 17.725
   7106467 5755 4.540 6.592
   7107311 5843 4.580 2.936
   7108863 5841 4.700 12.319
   7109052 5902 4.480 10.573
   7117367 5851 4.400 10.051
   7117444 5818 4.610 16.543
   7117513 5797 4.720 4.884
   7117532 5776 4.530 5.082
   7117740 5658 4.670 22.140
   7119231 5760 4.620 14.445
   7120041 5657 4.720 17.899
   7121280 5819 4.410 19.790
   7122271 5770 4.870 13.956
   7122635 5688 4.590 29.043
   7123139 5785 4.430 9.494
   7123708 5857 4.580 10.207
   7123751 5656 4.540 19.340
   7123950 5693 4.770 19.177
   7124489 5831 4.450 17.013
   7128882 5870 4.490 12.597
   7129992 5711 4.470 11.960
   7129999 5696 4.210 12.531
   7130318 5656 4.570 16.098
   7131244 5680 4.520 20.520
   7134079 5798 4.420 10.391
   7134737 5702 4.350 11.114
   7137234 5767 4.630 7.077
   7138551 5632 4.930 10.488
   7138795 5783 4.450 13.899
   7173615 5766 4.520 19.894
   7174227 5661 4.860 8.579
   7175289 5688 4.480 16.199
   7181034 5737 4.530 15.293
   7184169 5893 4.430 18.865
   7185532 5725 4.390 20.691
   7185788 5666 4.620 19.934
   7186037 5893 4.570 11.967
   7186684 5657 4.380 20.868
   7186846 5756 4.520 13.217
   7187166 5893 4.560 22.456
   7189395 5759 4.570 3.709
   7190814 5629 4.490 8.896
   7198834 5749 4.610 0.570
   7198906 5748 4.550 0.570
   7199036 5765 4.500 0.570
   7199037 5746 4.690 0.570
   7199135 5874 4.830 0.570
   7200111 5814 4.310 6.752
   7200457 5713 4.500 16.428
   7201995 5729 4.590 8.683
   7202801 5643 4.480 8.066
   7203628 5926 4.540 6.889
   7204282 5805 4.590 3.894
   7204464 5906 4.640 12.779
   7205181 5697 4.610 16.733
   7205193 5752 4.520 6.945
   7206167 5698 4.680 14.341
   7211235 5647 4.940 4.946
   7212612 5899 4.550 12.415
   7214228 5722 4.290 21.647
   7215027 5854 4.640 4.209
   7215790 5834 4.340 4.355
   7215906 5645 4.640 9.623
   7217059 5865 4.570 3.339
   7219000 5880 4.370 1.867
   7219625 5826 4.570 5.691
   7220048 5822 4.800 15.432
   7220674 5684 4.530 13.257
   7220715 5680 4.800 14.296
   7221039 5693 4.550 4.462
   7221541 5645 4.560 16.466
   7255952 5628 4.410 22.237
   7257093 5696 4.500 11.213
   7268907 5756 4.460 20.669
   7282108 5643 4.550 14.125
   7282194 5859 4.460 23.638
   7282610 5771 4.520 14.158
   7283180 5751 4.580 17.269
   7283298 5646 4.660 9.398
   7283444 5740 4.520 6.249
   7287028 5782 4.610 11.636
   7287324 5650 4.550 6.709
   7287639 5905 4.840 10.303
   7288671 5885 4.670 7.503
   7288983 5683 4.430 17.251
   7289133 5668 4.630 9.917
   7292514 5869 4.360 12.908
   7293416 5910 4.330 4.758
   7293816 5712 4.460 4.091
   7294684 5780 4.300 7.329
   7295345 5846 4.380 13.614
   7296230 5790 4.480 17.882
   7297670 5653 4.330 25.041
   7299808 5643 4.500 15.180
   7300572 5808 4.510 10.988
   7301142 5914 4.250 13.558
   7302757 5701 4.260 20.064
   7303800 5661 4.300 13.403
   7305172 5716 4.330 10.482
   7336608 5863 4.510 15.215
   7337863 5821 4.210 13.377
   7338419 5701 4.450 22.937
   7345391 5875 4.430 19.732
   7346048 5917 4.300 17.040
   7346691 5705 4.510 0.731
   7347511 5843 4.480 16.535
   7348806 5738 4.550 19.312
   7348968 5727 4.340 23.793
   7349090 5889 4.500 17.481
   7349958 5735 4.290 16.031
   7351563 5891 4.660 14.660
   7353783 5749 4.560 21.906
   7353813 5644 4.520 1.694
   7354241 5701 4.960 19.618
   7354393 5803 4.520 9.513
   7354508 5714 4.360 17.794
   7357712 5670 4.390 14.737
   7362501 5814 4.580 6.255
   7363493 5871 4.620 7.898
   7363690 5844 4.540 0.734
   7363765 5915 4.560 12.635
   7363837 5817 4.300 0.635
   7364923 5757 4.460 19.171
   7365528 5924 4.580 10.507
   7366067 5685 4.580 20.403
   7366232 5791 4.580 10.245
